4294967278,410
4294967278,330
4294967279,206
4294967278,198
4294967279,196
4294967278,344
4294967294,161
4294967294,911
4294967294,901
4294967278,188
4294967279,186
4294967278,346
4294967279,34
4294967294,30
4294967294,942
4294967294,941
4294967294,939
4294967294,938
4294967294,933
4294967294,922
4294967294,128
4294967294,830
4294967294,829
4294967294,828
4294967294,827
4294967294,60
4294967294,12
4294967294,1414
4294967294,83
4294967293,87
4294967293,86
4294967293,85
4294967293,84
4294967293,83
4294967293,82
4294967293,81
4294967293,80
4294967293,79
4294967293,78
4294967293,77
4294967293,76
4294967293,75
4294967293,74
4294967293,73
4294967293,72
4294967293,71
4294967293,70
4294967293,69
4294967293,68
4294967293,67
4294967293,66
4294967293,65
4294967293,64
4294967293,63
4294967293,62
4294967293,61
4294967293,60
4294967293,59
4294967293,58
4294967293,57
4294967293,56
4294967293,55
4294967293,54
4294967293,53
4294967293,52
4294967293,51
4294967293,50
4294967293,49
4294967293,48
4294967293,47
4294967293,46
4294967293,45
4294967293,44
4294967293,43
4294967293,42
4294967293,41
4294967293,40
4294967293,39
4294967293,38
4294967293,37
4294967293,36
4294967293,35
4294967293,34
4294967293,33
4294967293,32
4294967293,31
4294967293,30
4294967293,29
4294967293,28
4294967293,27
4294967293,26
4294967293,25
4294967293,24
4294967293,23
4294967293,22
4294967293,21
4294967293,20
4294967293,19
4294967293,18
4294967293,17
4294967293,16
4294967293,15
4294967293,14
4294967293,13
4294967293,12
4294967293,11
4294967293,10
4294967293,9
4294967293,8
4294967293,7
4294967293,6
4294967293,5
4294967293,4
4294967293,3
4294967279,87
4294967279,83
4294967279,80
4294967279,79
4294967279,77
4294967279,75
4294967279,74
4294967279,68
4294967279,66
4294967279,64
4294967279,63
4294967279,62
4294967279,60
4294967279,58
4294967279,57
4294967279,56
4294967279,55
4294967279,54
4294967279,52
4294967279,46
4294967279,44
4294967279,142
4294967278,135
478,8
478,7
478,6
478,5
478,4
478,3
478,2
478,1
4294967279,267
475,5
475,4
475,3
475,2
475,1
4294967278,252
471,5
4294967279,86
471,4
471,3
471,2
471,1
4294967279,85
4294967279,78
4294967279,84
4294967279,82
4294967279,72
4294967279,73
468,5
4294967279,71
4294967279,70
4294967279,69
4294967279,67
468,4
468,3
468,2
468,1
4294967278,169
4294967279,48
465,4
465,3
465,2
465,1
4294967279,45
464,4
464,3
464,2
464,1
4294967279,43
4294967279,42
4294967279,289
4294967279,40
463,6
463,5
463,4
463,3
463,2
463,1
4294967278,136
460,6
460,5
460,4
460,3
460,2
460,1
4294967294,449
4294967279,343
4294967294,1417
4294967279,252
4294967279,227
4294967279,225
454,5
454,4
454,3
454,2
454,1
453,5
453,4
453,3
453,2
453,1
452,6
452,5
452,4
452,3
452,2
452,1
451,5
451,4
451,3
451,2
451,1
450,5
450,4
450,3
450,2
450,1
4294967279,61
4294967279,59
449,5
449,4
449,3
449,2
449,1
447,4
447,3
447,2
447,1
4294967294,413
4294967294,414
4294967294,402
4294967278,229
4294967279,340
4294967278,223
4294967279,226
4294967279,273
4294967279,224
4294967278,221
4294967278,217
4294967278,214
4294967279,211
4294967294,966
4294967294,190
4294967278,391
4294967278,361
4294967279,81
4294967279,561
4294967279,50
4294967279,49
4294967279,47
4294967278,215
4294967278,383
446,8
446,7
446,6
446,5
446,4
446,2
446,1
4294967279,527
4294967279,138
4294967278,380
4294967279,572
4294967279,344
443,5
443,4
443,2
443,1
4294967279,255
4294967279,551
439,5
439,4
439,3
439,2
439,1
4294967279,571
4294967278,222
4294967279,342
4294967279,317
4294967279,212
4294967278,209
436,5
4294967279,205
4294967279,204
436,4
436,3
436,2
436,1
4294967279,198
4294967279,565
433,4
433,3
433,2
433,1
4294967278,184
4294967278,183
432,4
432,3
432,2
432,1
4294967294,462
4294967294,386
4294967279,176
431,6
431,5
431,4
431,3
431,2
431,1
4294967279,528
4294967279,564
428,6
428,5
428,4
428,3
428,2
428,1
4294967278,372
4294967279,557
4294967278,340
4294967279,563
422,5
422,4
422,3
422,2
422,1
421,5
421,4
421,3
421,2
421,1
4294967294,1418
420,6
420,5
420,4
420,3
420,2
420,1
4294967278,407
4294967278,356
419,5
419,4
419,3
419,2
419,1
4294967278,382
418,5
4294967278,200
418,4
418,3
418,2
418,1
4294967279,562
4294967279,195
4294967278,195
417,5
4294967279,194
417,4
417,3
417,2
417,1
4294967279,190
4294967279,535
4294967278,370
4294967278,185
415,4
415,3
415,2
415,1
4294967278,403
4294967278,387
4294967278,163
4294967278,301
4294967279,76
4294967279,65
4294967279,53
4294967279,560
4294967279,144
4294967279,329
4294967294,963
4294967294,909
4294967278,371
4294967294,1416
414,8
414,7
414,6
414,5
414,4
414,2
414,1
4294967278,369
4294967294,415
4294967294,403
4294967294,384
4294967294,408
4294967294,453
4294967279,553
4294967278,226
4294967279,214
411,5
411,4
411,2
411,1
4294967279,338
4294967279,197
4294967278,137
4294967279,51
4294967279,328
4294967279,41
4294967279,341
4294967278,358
4294967278,354
4294967294,1413
407,5
4294967294,479
4294967278,351
407,4
407,3
407,2
407,1
404,5
404,4
404,3
404,2
404,1
4294967278,142
4294967279,272
4294967278,134
401,4
401,3
401,2
401,1
4294967278,276
400,4
4294967279,282
400,3
400,2
400,1
4294967279,276
399,6
399,5
399,4
399,3
399,2
399,1
4294967278,235
4294967278,244
4294967278,242
4294967278,347
396,6
396,5
4294967279,235
396,4
396,3
396,2
396,1
4294967278,224
4294967278,389
4294967279,312
4294967278,199
4294967278,345
4294967294,401
390,5
390,4
390,3
390,2
390,1
4294967279,539
389,5
389,4
389,3
389,2
389,1
388,6
4294967279,339
4294967279,531
388,5
388,4
388,3
388,2
388,1
387,5
387,4
387,3
387,2
387,1
386,5
386,4
386,3
386,2
386,1
385,5
385,4
385,3
385,2
385,1
383,4
383,3
383,2
383,1
4294967294,392
4294967294,120
4294967278,339
4294967294,389
4294967294,114
4294967294,973
4294967278,27
4294967278,26
4294967278,25
4294967278,24
4294967278,23
4294967278,22
4294967278,21
4294967278,20
4294967278,19
4294967278,18
4294967278,17
4294967278,16
4294967278,15
4294967278,14
4294967278,13
4294967278,12
4294967278,11
4294967278,10
4294967278,9
4294967278,8
4294967278,7
4294967278,6
4294967278,5
4294967278,4
4294967279,132
4294967279,131
4294967279,130
4294967279,129
4294967279,124
4294967279,123
4294967279,122
4294967279,121
4294967279,120
4294967279,119
4294967279,118
4294967279,117
4294967279,116
4294967279,115
4294967279,114
4294967279,113
4294967279,112
4294967279,108
4294967279,106
4294967279,105
4294967279,104
4294967279,103
4294967279,102
4294967279,101
4294967279,99
4294967279,98
4294967279,96
4294967279,95
4294967279,94
4294967279,93
4294967279,128
4294967279,127
4294967279,126
4294967279,125
4294967279,109
4294967279,107
4294967279,100
4294967279,542
4294967279,97
4294967294,108
4294967294,175
4294967278,317
4294967294,900
4294967278,194
382,8
382,7
382,6
382,5
382,4
382,2
382,1
4294967278,132
4294967278,131
4294967278,130
4294967278,129
4294967278,128
4294967278,127
4294967278,126
4294967278,321
4294967278,124
4294967278,123
4294967278,121
4294967278,120
4294967278,118
4294967278,114
4294967278,112
4294967278,111
4294967278,231
4294967278,110
4294967278,109
4294967278,108
4294967278,107
4294967278,219
4294967278,104
4294967278,102
4294967278,101
4294967278,99
4294967278,98
4294967278,97
4294967278,96
4294967278,95
4294967278,93
4294967278,90
4294967278,87
4294967278,86
4294967278,85
4294967278,84
4294967278,83
4294967278,406
4294967278,349
4294967278,320
4294967278,319
4294967278,388
4294967278,68
4294967278,57
4294967278,54
4294967278,48
4294967278,46
4294967278,45
4294967278,35
4294967278,34
4294967279,110
4294967279,313
4294967279,91
4294967279,90
4294967279,22
4294967279,18
4294967279,88
4294967279,11
4294967279,10
4294967278,73
4294967278,314
4294967278,405
4294967279,541
4294967278,70
4294967279,2
4294967279,337
4294967278,58
4294967279,537
4294967278,326
4294967278,323
4294967278,47
379,5
379,4
379,2
379,1
4294967278,32
4294967278,40
4294967278,37
375,5
4294967278,322
375,4
375,3
375,2
375,1
4294967279,5
372,5
4294967278,367
372,4
372,3
372,2
372,1
4294967279,111
4294967294,176
369,4
369,3
369,2
369,1
368,4
368,3
368,2
368,1
4294967279,92
4294967279,89
4294967279,327
367,6
367,5
367,4
367,3
367,2
367,1
4294967279,326
4294967278,447
4294967278,88
4294967278,71
4294967279,185
4294967278,404
4294967278,446
4294967279,180
4294967278,179
364,6
364,5
364,4
364,3
364,2
364,1
4294967278,306
4294967294,411
4294967278,445
4294967279,293
4294967278,444
4294967279,160
4294967279,532
4294967294,960
4294967294,915
358,5
358,4
358,3
358,2
358,1
357,5
357,4
